802 512
1018 512
1042 512
1056 512
1476 1024
1508 1024
1560 1024
1598 1024
1594 1024
1626 1024
1648 1024
1620 1024
1618 1024
1556 1024
1742 1024
1780 1024
190 64
1882 1024
1826 1024
1880 1024
1982 1024
2040 1024
2022 1024
2070 1024
2068 1024
512 256
1074 512
1062 512
898 512
1060 512
2078 1024
1830 1024
1092 512
2772 2048
3142 2048
2106 1024
2146 1024
1940 1024
1792 1024
1890 1024
1926 1024
504 256
1530 1024
1590 1024
1822 1024
1828 1024
2042 1024
1816 1024
208 128
1080 512
1960 1024
2038 1024
854 512
1064 512
2022 1024
1032 512
1076 512
1602 1024
1652 1024
1044 512
1032 512
1134 512
1666 1024
874 512
946 512
2002 1024
1052 512
2912 2048
1312 1024
1770 1024
1568 1024
1038 512
1536 1024
2924 2048
1880 1024
1614 1024
492 256
2084 1024
1852 1024
2122 1024
1106 512
558 256
2104 1024
2076 1024
1146 512
2024 1024
1552 1024
1892 1024
570 256
836 512
838 512
940 512
1030 512
996 512
1162 512
