556 256
484 256
574 256
582 256
314 128
688 512
952 512
610 256
572 256
998 512
880 512
694 512
950 512
826 512
832 512
1082 512
832 512
1076 512
806 512
832 512
996 512
764 512
1068 512
554 256
930 512
176 64
948 512
1040 512
1062 512
1064 512
984 512
1046 512
612 256
1076 512
1086 512
312 128
1042 512
1112 512
1384 1024
838 512
620 512
600 256
1618 1024
1620 1024
1614 1024
800 512
760 512
654 512
1680 1024
736 512
1156 512
702 512
794 512
974 512
1002 512
2056 1024
1676 1024
1116 512
1448 1024
1634 1024
1372 1024
408 256
1008 512
1326 1024
876 512
842 512
2004 1024
584 256
942 512
912 512
562 256
340 256
1068 512
1096 512
1064 512
590 256
1134 512
1634 1024
978 512
1614 1024
1640 1024
570 256
1988 1024
1104 512
768 512
482 256
1012 512
946 512
1080 512
1740 1024
564 256
1794 1024
1822 1024
802 512
398 256
988 512
990 512
1016 512
622 256
1036 512
1772 1024
1586 1024
1098 512
858 512
1062 512
1052 512
1358 1024
1568 1024
1608 1024
1562 1024
1800 1024
1610 1024
1676 1024
1982 1024
1594 1024
