1060 512
1024 512
1060 512
1466 1024
1554 1024
1440 1024
1078 512
2094 1024
2130 1024
1888 1024
1904 1024
784 512
850 512
2058 1024
1118 512
2010 1024
1606 1024
2498 2048
1348 1024
1362 1024
1134 512
1610 1024
2930 2048
1092 512
1562 1024
2034 1024
1536 1024
1918 1024
1986 1024
2040 1024
1364 1024
1984 1024
1102 512
1162 512
2108 1024
1950 1024
1960 1024
3184 2048
2470 2048
2062 1024
1900 1024
1948 1024
1414 1024
2012 1024
2004 1024
810 512
1450 1024
1608 1024
1382 1024
1810 1024
1460 1024
2094 1024
2650 2048
1614 1024
2618 2048
