1082 512
1118 512
1986 1024
2102 1024
1902 1024
2116 1024
3136 2048
1424 1024
2882 2048
2184 1024
990 512
972 512
990 512
1020 512
1612 1024
1586 1024
2036 1024
1036 512
2054 1024
3112 2048
2066 1024
710 512
1104 512
1100 512
1006 512
1080 512
898 512
1082 512
1082 512
1542 1024
1454 1024
1098 512
1034 512
1476 1024
1590 1024
1340 1024
1752 1024
1854 1024
1818 1024
2016 1024
1958 1024
2106 1024
1462 1024
1966 1024
1814 1024
1690 1024
2038 1024
2034 1024
1092 512
2002 1024
2070 1024
958 512
1624 1024
2560 2048
1654 1024
1854 1024
1546 1024
1124 512
736 512
2094 1024
3004 2048
2248 1024
1058 512
1798 1024
1666 1024
1828 1024
2056 1024
2040 1024
2074 1024
1074 512
418 256
1630 1024
1760 1024
1796 1024
2014 1024
1806 1024
1542 1024
802 512
2064 1024
1750 1024
1864 1024
986 512
1098 512
2084 1024
2086 1024
1908 1024
1070 512
2878 2048
1600 1024
2218 2048
1002 512
2114 1024
1636 1024
2892 2048
1132 512
2042 1024
2098 1024
1610 1024
1954 1024
1582 1024
1976 1024
1856 1024
1858 1024
2100 1024
3144 2048
