614 256
926 512
866 512
786 512
1208 512
1110 512
1362 1024
1044 512
1104 512
1630 1024
900 512
554 256
986 512
1600 1024
848 512
1026 512
1016 512
1782 1024
946 512
622 256
608 256
1066 512
900 512
1078 512
1086 512
1584 1024
1040 512
1064 512
1044 512
1092 512
1646 1024
1494 1024
1074 512
1586 1024
552 256
624 256
976 512
1122 512
598 256
838 512
840 512
1102 512
980 512
1368 1024
992 512
590 256
1120 512
576 256
1126 512
576 256
826 512
776 512
792 512
1556 1024
970 512
562 256
772 512
982 512
1806 1024
1138 512
1140 512
1118 512
240 128
1094 512
1500 1024
1874 1024
1128 512
752 512
558 256
564 256
1614 1024
972 512
1116 512
1012 512
1096 512
1064 512
1118 512
1074 512
1008 512
1482 1024
1140 512
1098 512
1078 512
1610 1024
1564 1024
604 256
550 256
1084 512
1046 512
1066 512
816 512
1606 1024
1082 512
1592 1024
1036 512
1742 1024
820 512
996 512
1216 512
1078 512
2042 1024
1566 1024
1976 1024
472 256
724 512
1006 512
1896 1024
2056 1024
2110 1024
2304 2048
2056 1024
2088 1024
2566 2048
3074 2048
2074 1024
584 256
3016 2048
2088 1024
2074 1024
3974 2048
3168 2048
2092 1024
1634 1024
1096 512
1060 512
1482 1024
1140 512
2110 1024
2084 1024
1630 1024
2082 1024
1820 1024
1808 1024
2072 1024
3144 2048
2122 1024
3490 2048
3176 2048
3522 2048
3958 2048
