1022 512
1082 512
1966 1024
482 256
968 512
570 256
1046 512
580 256
452 256
1070 512
1358 1024
1046 512
1364 1024
984 512
946 512
1338 1024
1146 512
946 512
1036 512
1620 1024
830 512
566 256
1566 1024
1850 1024
1078 512
548 256
934 512
1890 1024
940 512
1794 1024
1144 512
2638 2048
1058 512
854 512
1126 512
976 512
882 512
1100 512
584 256
908 512
1004 512
1602 1024
1650 1024
774 512
1370 1024
996 512
776 512
834 512
828 512
576 256
1566 1024
198 128
1024 512
1024 512
1080 512
1016 512
586 256
1086 512
1528 1024
1096 512
1836 1024
1030 512
1618 1024
1078 512
1858 1024
414 256
1056 512
1102 512
1674 1024
1100 512
1068 512
956 512
1380 1024
446 256
1600 1024
548 256
1062 512
1114 512
1100 512
956 512
996 512
1910 1024
1578 1024
652 256
640 512
810 512
1602 1024
1478 1024
1030 512
772 512
798 512
874 512
1748 1024
1658 1024
598 256
990 512
1128 512
732 512
672 512
612 256
1866 1024
1088 512
1012 512
1140 512
898 512
1078 512
1074 512
554 256
1066 512
816 512
1072 512
1124 512
950 512
1302 1024
818 512
596 256
1432 1024
1852 1024
1598 1024
574 256
1086 512
820 512
1048 512
1004 512
1024 512
1026 512
954 512
512 256
932 512
1060 512
982 512
1158 512
1042 512
970 512
1086 512
1092 512
1112 512
1354 1024
832 512
1786 1024
550 256
936 512
570 256
1558 1024
1108 512
1854 1024
952 512
2082 1024
1090 512
556 256
508 256
1392 1024
1020 512
1502 1024
1112 512
1336 1024
914 512
568 256
1492 1024
1052 512
1078 512
1070 512
1090 512
1420 1024
1832 1024
1988 1024
