978 512
1044 512
2042 1024
2004 1024
2106 1024
2104 1024
2044 1024
2070 1024
2010 1024
2130 1024
2606 2048
3160 2048
920 512
1850 1024
1102 512
3130 2048
3096 2048
2572 2048
1600 1024
1588 1024
2060 1024
2528 2048
2074 1024
944 512
1082 512
2868 2048
3120 2048
1908 1024
3074 2048
2016 1024
1088 512
1936 1024
1052 512
2034 1024
2100 1024
3016 2048
1600 1024
2052 1024
2094 1024
1692 1024
2066 1024
1072 512
1760 1024
2854 2048
1090 512
1078 512
968 512
788 512
2114 1024
1584 1024
3138 2048
2094 1024
3136 2048
2058 1024
3072 2048
3892 2048
3102 2048
1652 1024
2126 1024
2076 1024
1096 512
2130 1024
1070 512
1088 512
3422 2048
1466 1024
3122 2048
2928 2048
3164 2048
1052 512
1930 1024
3650 2048
2024 1024
3674 2048
2026 1024
1326 1024
792 512
2088 1024
1954 1024
1762 1024
1890 1024
2072 1024
3150 2048
1644 1024
1776 1024
1968 1024
2042 1024
1954 1024
1992 1024
2102 1024
2172 1024
2040 1024
2028 1024
3160 2048
3128 2048
3662 2048
