280 128
896 512
974 512
966 512
1030 512
1104 512
900 512
1134 512
1030 512
1204 1024
1284 1024
1100 512
1072 512
1102 512
1096 512
1066 512
1078 512
968 512
1030 512
972 512
1342 1024
1124 512
444 256
1084 512
1552 1024
1094 512
1738 1024
664 512
580 256
646 512
1552 1024
802 512
736 512
632 256
1062 512
590 256
448 256
1634 1024
1008 512
802 512
1082 512
1112 512
968 512
1080 512
1068 512
1102 512
1108 512
950 512
474 256
1064 512
1078 512
962 512
1108 512
922 512
1158 512
1760 1024
810 512
972 512
1624 1024
1494 1024
258 128
684 512
504 256
820 512
1556 1024
794 512
854 512
274 128
1044 512
1588 1024
1104 512
1090 512
1084 512
1622 1024
1034 512
1048 512
1720 1024
1074 512
590 256
826 512
538 256
596 256
1122 512
1078 512
1086 512
1080 512
1054 512
848 512
586 256
1100 512
1540 1024
1878 1024
1454 1024
1072 512
876 512
958 512
962 512
1122 512
280 128
1486 1024
808 512
532 256
1624 1024
1614 1024
1548 1024
